5 0.221865 0.363759 0.025333 0.077852
5 0.247180 0.347338 0.018474 0.083935
5 0.264628 0.350986 0.016422 0.079083
5 0.281737 0.348551 0.021901 0.088806
5 0.305003 0.343685 0.020526 0.086370
5 0.323479 0.341861 0.021896 0.087593
5 0.346404 0.342468 0.025318 0.088806
5 0.366247 0.332741 0.021214 0.083944
5 0.384724 0.335171 0.017104 0.076639
5 0.400464 0.335171 0.014375 0.083935
5 0.415859 0.333958 0.017792 0.081509
5 0.435706 0.328481 0.019161 0.075426
5 0.454523 0.326657 0.021214 0.091241
5 0.474367 0.319356 0.017109 0.093676
5 0.490792 0.315708 0.019844 0.093676
5 0.508583 0.318139 0.022583 0.096111
5 0.526034 0.316315 0.024630 0.090019
5 0.546221 0.316921 0.025318 0.088806
5 0.570172 0.296852 0.025323 0.099759
5 0.593781 0.301106 0.027375 0.105843
5 0.615680 0.292593 0.023266 0.105833
5 0.635523 0.291375 0.026005 0.100972
5 0.653315 0.288333 0.020526 0.092463
5 0.674529 0.295634 0.021901 0.090028
5 0.695057 0.291375 0.021896 0.103398
5 0.716956 0.285292 0.030109 0.108269
5 0.742617 0.275560 0.028057 0.120435
5 0.782648 0.274949 0.027370 0.116787
5 0.805914 0.272519 0.023266 0.107056
5 0.827813 0.253662 0.034219 0.113139
5 0.855870 0.248796 0.032844 0.100981
5 0.888031 0.246972 0.028740 0.102185
5 0.949279 0.234199 0.025318 0.120435
5 0.974904 0.234806 0.027443 0.119222
1 0.920065 0.792593 0.159870 0.195870
1 0.164891 0.461667 0.140760 0.122778
